16000x10000.ppm  1       7.026000        1.45535
16000x10000.ppm  2       4.129600        0.73859
16000x10000.ppm  3       2.875200        0.307586
16000x10000.ppm  4       2.203600        0.0313535
16000x20000.ppm  1       13.757600       2.69502
16000x20000.ppm  2       7.858000        1.35373
16000x20000.ppm  3       5.929200        0.741841
16000x20000.ppm  4       4.401200        0.259281
16000x24000.pgm  1       5.777600        0.0628191
16000x24000.pgm  2       3.773600        0.641267
16000x24000.pgm  3       2.499600        0.415745
16000x24000.pgm  4       1.769600        0.0542203
32000x24000.pgm  1       13.072000       2.47951
32000x24000.pgm  2       7.106000        1.30609
32000x24000.pgm  3       4.520400        0.481194
32000x24000.pgm  4       3.605600        0.349915
32000x48000.pgm  1       25.928800       4.73418
32000x48000.pgm  2       15.251600       2.71838
32000x48000.pgm  3       8.786000        0.650876
32000x48000.pgm  4       6.920800        0.0433516
8000x10000.ppm   1       3.509600        0.713737
8000x10000.ppm   2       1.996000        0.329812
8000x10000.ppm   3       1.383200        0.134929
8000x10000.ppm   4       1.104000        0.0183303
8000x24000.pgm   1       3.146400        0.488032
8000x24000.pgm   2       1.900400        0.310606
8000x24000.pgm   3       1.166800        0.160592
8000x24000.pgm   4       0.913600        0.0249608
8000x5000.ppm    1       1.708400        0.186348
8000x5000.ppm    2       1.048000        0.169186
8000x5000.ppm    3       0.724400        0.0789977
8000x5000.ppm    4       0.581200        0.0172789
